[gd_scene format=3 uid="uid://bne8e88gtjdms"]

[ext_resource type="PackedScene" uid="uid://ckbcuewasoodh" path="res://assets/Boss/ChargerTaur.glb" id="1_bfl0g"]

[node name="ChargerTaur" unique_id=166530321 instance=ExtResource("1_bfl0g")]

[node name="Skeleton3D" parent="RenderPlatform/MinotaurArm" parent_id_path=PackedInt32Array(1977391043) index="0" unique_id=1514688347]
transform = Transform3D(-1, 0, -8.742278e-08, 0, 1, 0, 8.742278e-08, 0, -1, 0, 0, 0)
bones/0/position = Vector3(-0.000116367926, 1.9547149, 0.12588112)
bones/0/rotation = Quaternion(0.98421556, 0.05417623, 0.012212932, -0.16803461)
bones/1/rotation = Quaternion(-0.21808301, -0.0014589251, 0.11619163, 0.96898776)
bones/2/position = Vector3(-0.20543242, 0.4351884, -0.021254478)
bones/2/rotation = Quaternion(-0.23961602, 0.7847705, -0.26519766, 0.5063493)
bones/3/rotation = Quaternion(-0.6684014, 0.7125406, -0.20801966, 0.047468048)
bones/4/rotation = Quaternion(-0.49521494, 0.5344458, 0.26429844, 0.6318831)
bones/5/position = Vector3(0.20566717, 0.43518844, -0.021254484)
bones/5/rotation = Quaternion(-0.24944882, -0.93016046, -0.07613285, 0.2584194)
bones/6/rotation = Quaternion(0.553556, 0.6702036, -0.30388564, -0.38994431)
bones/7/rotation = Quaternion(-0.5646709, -0.42375836, -0.4911919, 0.510202)
bones/8/position = Vector3(-0.3908024, 0.0299667, 0.032995924)
bones/8/rotation = Quaternion(-0.017047398, -0.5859339, 0.16795915, 0.7925785)
bones/9/rotation = Quaternion(-0.15000066, 0.15536995, 0.37555382, 0.9012877)
bones/10/rotation = Quaternion(0.37134385, 0.27662265, -0.13914235, 0.8753418)
bones/11/rotation = Quaternion(-0.44897678, 0.15350282, -0.019033764, 0.88005376)
bones/12/rotation = Quaternion(-0.62530017, 0.14895928, 0.004119561, 0.7660248)
bones/13/position = Vector3(-0.07384403, 0.10393233, 0.002884135)
bones/13/rotation = Quaternion(-0.42726058, -0.11987389, 0.4029737, 0.8004316)
bones/14/rotation = Quaternion(-0.002173139, -0.3834086, -0.21150787, 0.8990315)
bones/15/rotation = Quaternion(0.9970148, 0.054741796, -0.010136826, -0.053498443)
bones/16/position = Vector3(0.44820848, 0.118827604, 0.038419995)
bones/16/rotation = Quaternion(0.009581916, 0.87841934, -0.35951382, 0.31470242)
bones/17/rotation = Quaternion(-0.059173737, 0.16107647, -0.17575428, 0.9693624)
bones/18/rotation = Quaternion(-0.13031906, -0.029161202, -0.10096329, 0.98588693)
bones/19/rotation = Quaternion(-0.44321296, -0.05691009, 0.038001854, 0.8938006)
bones/20/rotation = Quaternion(-0.5799052, 0.0025211354, 0.03145232, 0.8140727)
bones/21/position = Vector3(0.06764122, 0.11730659, 0.007821004)
bones/21/rotation = Quaternion(-0.68354654, -0.39275908, 0.1820424, 0.58767766)
bones/22/rotation = Quaternion(0.26216465, 0.10620893, -0.15557967, 0.9464589)

[node name="Hand_Right" parent="RenderPlatform/MinotaurArm/Skeleton3D" index="0" unique_id=382014632]
transform = Transform3D(0.8998282, -0.39093587, -0.19359398, -0.3630728, -0.9171333, 0.1644521, -0.24184155, -0.0776898, -0.96720064, -0.5047767, 1.2105666, 0.26904565)

[node name="Upperarm_Right" parent="RenderPlatform/MinotaurArm/Skeleton3D" index="1" unique_id=528543200]
transform = Transform3D(0.29243988, -0.14161727, -0.9457398, 0.064511284, -0.98379934, 0.16726437, -0.9541056, -0.10992558, -0.27856618, -0.38499698, 1.897502, 0.06837577)

[node name="Head" parent="RenderPlatform/MinotaurArm/Skeleton3D" index="2" unique_id=741200612]
transform = Transform3D(0.9997961, -0.0026721125, -0.02001702, -0.006234016, 0.901958, -0.43177813, 0.01920829, 0.4318149, 0.9017573, -0.00682315, 2.0002282, 0.17318824)

[node name="Upperarm_Left" parent="RenderPlatform/MinotaurArm/Skeleton3D" index="3" unique_id=296299396]
transform = Transform3D(-0.8232565, 0.32006302, 0.4688375, -0.07171322, -0.87791944, 0.47340736, 0.5631216, 0.35611385, 0.7457055, 0.45871124, 1.9020123, 0.0694311)

[node name="Timer" type="Timer" parent="." index="2" unique_id=407819948]
wait_time = 5.0
one_shot = true
